hudson_bay_node={
	location=1003
	outgoing={
		name="st_lawrence"
		path={
			1000 1002 2581 4894 992 4895 990 994 
		}
		control={
			1582.000000 1804.000000 1528.000000 1719.000000 1585.000000 1685.000000 1589.000000 1669.000000 1599.000000 1673.000000 1639.000000 1668.000000 1667.000000 1677.000000 
		}
	}
	outgoing={
		name="great_plains"
		path={
			2591 1007 910 908 4901 907 4916 
		}
		control={
			1456.000000 1755.000000 1407.000000 1716.000000 1358.000000 1683.000000 1326.000000 1651.000000 1313.000000 1619.000000 1308.000000 1622.000000 
		}
	}
	members={
		998 999 1000 1003 1004 1005 1006 1009 2592 2594 991 1001 1007 2015 2671 1002 2588 2589 2590 2591 1008 1010 1011 2593 4919 1813 2595 2597 2005 2596 2598 4920 2004 2017 2018 2602 2599 2600 2601 2603 
	}
}
great_plains={
	location=4916
	outgoing={
		name="alaskan_node"
		path={
			2008 2505 2504 4917 2608 2488 2486 873 
		}
		control={
			1204.000000 1615.000000 1180.000000 1628.000000 1133.000000 1637.000000 1068.000000 1662.000000 1018.000000 1692.000000 963.000000 1672.000000 923.000000 1679.000000 
		}
	}
	outgoing={
		name="mississippi_node"
		path={
			903 902 2509 2515 897 895 4885 4884 921 893 
		}
		control={
			1297.000000 1593.000000 1302.000000 1584.000000 1308.000000 1561.000000 1319.000000 1542.000000 1326.000000 1538.000000 1326.000000 1529.000000 1337.000000 1527.000000 1353.000000 1531.000000 1370.000000 1515.000000 1387.000000 1516.000000 1395.000000 1522.000000 1398.000000 1518.000000 1395.000000 1510.000000 1409.000000 1495.000000 1412.000000 1487.000000 1415.000000 1486.000000 1413.000000 1480.000000 1401.000000 1461.000000 1399.000000 1454.000000 1397.000000 1450.000000 1394.000000 1448.000000 1385.000000 1430.000000 1383.000000 1421.000000 1384.000000 1414.000000 1383.000000 1407.000000 1386.000000 1403.000000 1384.000000 1399.000000 1384.000000 1396.000000 1376.000000 1382.000000 1375.000000 1372.000000 
		}
	}
	outgoing={
		name="rio_grande"
		path={
			2508 901 2672 890 891 885 2497 4628 2498 
		}
		control={
			1247.000000 1567.000000 1286.000000 1561.000000 1266.000000 1531.000000 1245.000000 1503.000000 1248.000000 1470.000000 1215.000000 1443.000000 1204.000000 1397.000000 1168.000000 1389.000000 
		}
	}
	members={
		901 903 2009 2508 4915 906 909 2510 4918 907 2007 2008 4916 890 898 2672 4914 891 892 896 4908 1809 2504 2505 2006 2501 2502 2503 4917 2016 2511 4902 889 2507 2625 
	}
}
alaskan_node={
	location=873
	outgoing={
		name="girin"
		path={
			1558 1682 1681 1685 1683 1668 1669 4225 1387 4226 1378 2742 4657 4201 730 
		}
		control={
			803.000000 1697.000000 554.000000 1774.000000 334.000000 1797.000000 193.000000 1678.000000 47.000000 1653.000000 5530.000000 1599.000000 5269.000000 1402.000000 5071.000000 1372.000000 4996.000000 1352.000000 4919.000000 1360.000000 4857.000000 1353.000000 4832.000000 1366.000000 4801.000000 1356.000000 4783.000000 1366.000000 
		}
	}
	outgoing={
		name="rio_grande"
		path={
			2483 1808 2496 4630 2497 4628 2498 
		}
		control={
			945.000000 1646.000000 1019.000000 1567.000000 1179.000000 1478.000000 1167.000000 1435.000000 1204.000000 1397.000000 1168.000000 1389.000000 
		}
	}
	members={
		871 2477 2479 2480 4638 872 2481 2482 2483 873 2486 2487 2488 874 2484 2485 972 973 974 2610 2003 2604 2605 2606 2607 975 2022 2609 978 979 2611 2612 976 977 2613 2019 2020 2489 2490 2506 
	}
}
rio_grande={
	location=2498
	outgoing={
		name="mississippi_node"
		path={
			2666 2499 1508 2516 893 
		}
		control={
			1209.000000 1360.000000 1226.000000 1353.000000 1237.000000 1339.000000 1244.000000 1330.000000 1253.000000 1319.000000 1253.000000 1310.000000 1264.869995 1298.939941 1279.000000 1294.000000 1290.000000 1292.000000 1353.000000 1315.000000 
		}
	}
	outgoing={
		name="mexico"
		path={
			2667 2614 4642 2642 853 852 
		}
		control={
			1225.000000 1334.000000 1246.000000 1278.000000 1241.000000 1236.000000 1257.000000 1215.000000 1261.000000 1208.000000 
		}
	}
	members={
		868 869 2021 2476 4637 870 2478 4635 4636 877 867 876 2491 4633 879 2492 4634 875 878 2493 2494 880 881 2495 4631 4632 862 2616 4649 4650 4577 882 885 2496 2497 4630 887 883 4627 4911 886 2500 4909 4910 884 888 2665 2669 2498 4628 4629 858 2499 2614 2668 863 864 2618 4644 861 2619 2666 2667 4606 860 4647 4646 4648 855 859 4578 865 866 2620 4639 
	}
}
mississippi_node={
	location=893
	outgoing={
		name="windward_islands_node"
		path={
			1507 1506 1525 1524 1526 1523 
		}
		control={
		
		}
	}

	outgoing={
		name="carolina_node"
		path={
			1507 928 4881 2539 929 2542 932 
		}
		control={
			1429.000000 1334.000000 1503.000000 1364.000000 1496.000000 1380.000000 1526.000000 1381.000000 1522.000000 1408.000000 1545.000000 1409.000000 
		}
	}
	members={
		893 2014 2516 899 2509 2515 4886 900 902 2514 4906 905 2513 4900 4905 921 922 923 2530 2533 919 920 2528 2529 4884 894 895 897 4885 4923 915 916 917 4903 2519 2520 4904 912 913 914 4899 910 911 2517 2518 4898 904 908 2512 4901 924 925 2531 2532 4883 918 934 939 4913 
	}
}
ohio={
	location=948
	outgoing={
		name="carolina_node"
		path={
			951 4930 2548 936 933 932 
		}
		control={
			1549.000000 1520.000000 1548.000000 1503.000000 1530.000000 1487.000000 1530.000000 1467.000000 1537.000000 1445.000000 
		}
	}
	outgoing={
		name="massachusets_node"
		path={
			2555 4875 4876 4927 963 4874 966 968 
		}
		control={
			1562.000000 1547.000000 1580.000000 1571.000000 1613.000000 1574.000000 1626.000000 1577.000000 1650.000000 1588.000000 1664.000000 1589.000000 1669.000000 1589.000000 
		}
	}
	outgoing={
		name="st_lawrence"
		path={
			2555 4875 959 960 964 2559 2584 4893 994 
		}
		control={
			1562.000000 1547.000000 1580.000000 1571.000000 1595.000000 1592.000000 1611.000000 1598.000000 1645.000000 1620.000000 1646.000000 1627.000000 1662.000000 1647.000000 1681.000000 1659.000000 
		}
	}
	members={
		944 945 2521 2522 989 988 2585 2670 987 2586 2587 942 943 2523 2524 4922 946 947 948 2525 4907 954 2555 4875 941 2526 4888 940 4887 4921 951 2551 4889 955 2556 2557 4876 958 959 960 4872 969 2563 4871 961 963 964 2559 4912 
	}
}
cuiaba={
	location=800
	outgoing={
		name="laplata"
		path={
			800 1536 
		}
		control={
			1899.000000 558.000000 1905.000000 456.000000 1863.000000 344.000000 1870.000000 313.000000 1888.000000 301.000000 
		}
	}
	outgoing={
		name="lima"
		path={
			800 809 
		}
		control={
			1770.000000 628.000000 1670.000000 682.000000 
		}
	}
	members={
		800 2902 2901 801 2835 2834 2838 794 2942 797 2941 2940 2946 795 793 2900 796 2840 2839 2837 792 791 2841 2836 802 804 2831 2947 803 2832 2833 775 776 799 2842 2882 2883 2888 2903 2904 2905 
	}
}
laplata={
	location=1536
	outgoing={
		name="brazil"
		path={
			1535 1534 1533 1532 1531 
		}
		control={
			2001.000000 329.000000 2074.000000 414.000000 2144.000000 481.000000 2213.000000 579.000000 
		}
	}
	outgoing={
		name="australia"
		path={
			1537 781 2876 2874 1540 1705 1718 1719 1720 1721 1722 1723 1431 1429 1412 1411 
		}
		control={
			1860.000000 157.000000 1819.000000 77.000000 1812.000000 13.000000 1707.000000 25.000000 1592.000000 64.000000 1377.979980 197.779999 1119.000000 251.000000 1043.000000 292.000000 845.000000 314.000000 587.000000 300.000000 428.000000 348.000000 189.000000 308.000000 5679.020020 253.250000 
		}
	}
	members={
		772 773 777 778 779 790 1536 1095 2025 2843 2844 2845 2846 2847 2848 2849 2850 2851 2852 2853 2854 2855 2857 2858 2859 2860 2861 2865 2866 2877 2878 2879 2884 2887 2868 2876 2869 786 2873 2874 780 781 782 783 2870 2875 2863 784 787 2862 785 2867 2871 2872 
	}
}
lima={
	location=809
	outgoing={
		name="panama"
		path={
			1545 1546 1547 1548 835 
		}
		control={
			1528.000000 687.000000 1486.000000 807.000000 1521.000000 913.000000 1551.000000 972.000000 
		}
	}
	members={
		812 2002 2821 2822 2826 816 817 819 820 2820 815 818 821 2823 2944 2945 813 2824 2825 2943 809 810 811 814 2827 807 808 2829 2830 805 806 2828 
	}
}
brazil={
	location=1531
	outgoing={
		name="windward_islands_node"
		path={
			1530 1529 1528 1527 1522 1523 
		}
		control={
			2275.000000 765.000000 2216.000000 822.000000 2133.000000 911.000000 1933.000000 1019.000000 1878.000000 1038.000000 1864.000000 1060.000000 1839.000000 1074.000000 1832.000000 1102.000000 
		}
	}
	outgoing={
		name="ivory_coast"
		path={
			1584 1468 1467 1466 
		}
		control={
			2351.000000 792.000000 2546.000000 790.000000 2666.000000 710.500000 
		}
	}
	members={
		1531 750 751 753 754 755 756 757 758 759 760 761 762 763 764 765 766 768 769 2881 2885 2891 2892 2893 2894 2895 2896 2897 2898 2899 2906 2907 2908 2912 2913 2914 2915 2916 2917 2918 2919 2920 2921 2922 1802 1803 2909 2910 2911 2929 2930 2933 2934 2935 2889 2938 747 748 749 2890 2923 2924 2926 2927 2928 2936 752 2886 2925 
	}
}
mexico={
	location=852
	outgoing={
		name="yucatan_node"
		path={
			4570 850 4583 4598 1509 1511 846 
		}
		control={
			1263.000000 1191.000000 1281.000000 1175.000000 1284.000000 1190.000000 1294.000000 1183.000000 1309.000000 1233.000000 1406.000000 1255.000000 
		}
	}
	outgoing={
		name="polynesia_node"
		path={
			2626 2623 4575 4580 1552 1695 1696 1715 1699 1697 1692 1997 
		}
		control={
			1246.000000 1185.000000 1231.000000 1171.000000 1214.000000 1171.000000 1192.000000 1171.000000 1152.000000 1160.000000 1029.000000 1117.000000 831.000000 1112.000000 651.000000 1011.000000 290.000000 1051.000000 295.000000 1020.000000 96.000000 1007.000000 
		}
	}
	members={
		856 4643 4645 852 2626 4570 4571 4572 857 2642 4642 2617 2621 2657 4576 854 853 2615 4641 4640 848 2641 4598 2622 2623 2624 4573 4574 851 2643 4575 4579 4580 2627 2645 2648 850 2628 2644 4583 4582 847 849 2646 4581 844 2629 4584 2630 2631 2647 
	}
}
carolina_node={
	location=1502
	outgoing={
		name="windward_islands_node"
		path={
			1503 1524 1526 1523 
		}
		control={
		
		}
	}

	outgoing={
		name="massachusets_node"
		path={
			2543 1501 1500 2010 966 968 
		}
		control={
			1621.000000 1426.000000 1664.000000 1501.000000 1675.000000 1539.000000 1712.000000 1563.000000 1712.000000 1563.000000 
		}
	}
	members={
		937 938 2546 2547 932 2542 2543 933 2541 4882 929 2537 2538 2539 4880 930 931 2540 4881 926 2535 2536 4626 4625 927 928 2534 935 936 2527 4879 949 2011 2548 2552 950 952 2549 2550 4877 2544 2545 4878 1502 
	}
}
yucatan_node={
	location=846

	outgoing={
		name="panama"
		path={
			4591 2634 1513 840 838 4592 1515 2664 1548 
		}
		control={
			1427.000000 1193.000000 1424.000000 1174.000000 1466.000000 1154.000000 1454.000000 1112.000000 1493.000000 1089.000000 1487.000000 1066.000000 1568.000000 1047.000000 1533.000000 1001.000000 
		}
	}
	outgoing={
		name="windward_islands_node"
		````path={
			1513 1518 1517 1521 1523 
		}
		control={
			
		}
	}
	members={
		846 2633 2651 4590 2634 2652 4588 4591 845 2632 2650 2635 2638 2649 4585 4586 842 843 2636 4589 4594 839 841 2653 4587 840 2637 2640 2662 4593 837 838 2660 2661 4592 
	}
}
panama={
	location=1548
	outgoing={
		name="polynesia_node"
		path={
			1549 1550 1701 1695 1696 1715 1699 1697 1692 1997 
		}
		control={
			1444.000000 1020.000000 1334.000000 1077.000000 1186.000000 983.000000 1029.000000 1117.000000 831.000000 1112.000000 651.000000 1011.000000 290.000000 1051.000000 295.000000 1020.000000 96.000000 1007.000000 
		}
	}
	outgoing={
		name="windward_islands_node"
		path={
			4596 4599 828 829 2806 1519 1520 1523 
		}
		control={
			1568.000000 992.000000 1572.000000 1019.000000 1601.000000 1048.000000 1644.000000 1067.000000 1705.000000 1090.000000 1769.000000 1093.000000 
		}
	}
	members={
		2803 2808 4612 831 4616 741 743 744 745 2937 746 2663 836 4597 835 2664 2819 4595 828 829 2806 4599 4601 823 826 2818 4596 4604 822 2816 4605 824 827 2817 4600 4607 825 832 4602 4603 2805 2809 2939 4615 2812 2814 2815 4608 834 2810 2813 4613 4614 830 2807 4609 4610 4611 742 2804 2811 2931 4617 1548 
	}
}

white_sea={
	location=1652
	color={
		210 46 28 
	}
	outgoing={
		name="scandes"
		path={
			1776 4124 31 28 1926 1255 3 4166 4163 
		}
		control={
			3474.000000 1910.000000 3418.000000 1997.000000 3268.000000 2030.000000 3139.000000 2021.000000 3017.000000 1976.000000 2948.000000 1882.000000 2871.000000 1798.000000 2877.000000 1704.000000 2931.000000 1678.000000 2968.000000 1693.000000 2989.000000 1681.000000 
		}
	}
	outgoing={
		name="novgorod"
		path={
			1652 309 1261 
		}
		control={
			3409.000000 1879.000000 3321.500000 1752.000000 3296.000000 1752.000000 
		}
	}
	members={
		1652 315 1777 1963 2425 2426 4151 1077 1755 1964 4129 1955 4122 4256 4257 313 1776 1958 4258 314 4262 4263 
	}
}
african_great_lakes={
	location=4064
	color={
		57 168 220 
	}
	inland=yes
	outgoing={
		name="zanzibar"
		path={
			1273 1202 
		}
		control={
			3351.000000 607.000000 3388.000000 610.000000 3416.000000 580.000000 
		}
	}
	outgoing={
		name="kongo"
		path={
			4063 4070 4099 
		}
		control={
			3299.000000 628.000000 3287.000000 595.000000 3270.000000 574.000000 3260.000000 559.000000 3231.000000 537.000000 
		}
	}
	members={
		1273 1649 1798 1799 1925 4053 4054 4055 4056 4057 4058 4059 4060 4061 4062 4063 4064 4065 4066 4067 4068 4069 4070 4071 4072 4073 4074 4075 4076 4077 
	}
}
kongo={
	location=4097
	color={
		171 148 148 
	}
	inland=yes
	outgoing={
		name="ivory_coast"
		path={
			1170 1464 
		}
		control={
			3169.000000 587.000000 3115.000000 585.000000 3050.000000 593.000000 3007.000000 566.000000 2939.000000 618.000000 2930.000000 701.000000 
		}
	}
	outgoing={
		name="zambezi"
		path={
			4046 1191 1187 
		}
		control={
			3191.000000 456.000000 3231.000000 424.000000 3273.000000 399.000000 3319.139893 402.510010 
		}
	}
	members={
		798 1169 1170 1901 2948 2949 4081 4082 4083 4084 4085 4086 4087 4088 4089 4090 4091 4092 4093 4094 4095 4096 4107 4098 4100 4101 4102 4103 4097 4099 4105 4109 
	}
}
zambezi={
	location=1191
	color={
		32 164 51 
	}
	inland=yes
	outgoing={
		name="zanzibar"
		path={
			1192 1195 1196 
		}
		control={
			3369.000000 358.000000 3436.000000 414.000000 3412.000000 515.000000 
		}
	}
	members={
		1184 1185 1187 1188 1189 1190 1191 2950 2951 2952 4034 4035 4036 4037 4038 4039 4040 4041 4042 4043 4044 4045 4046 4047 4048 4050 4104 4106 4108 
	}
}
girin={
	location=730
	color={
		41 82 45 
	}
	outgoing={
		name="siberia"
		path={
			2109 722 721 1057 1060 1062 1064 
		}
		control={
			4726.000000 1497.000000 4604.000000 1533.000000 4431.000000 1539.000000 4365.000000 1590.000000 
		}
	}
	outgoing={
		name="beijing"
		path={
			2110 726 704 1816 
		}
		control={
			4752.000000 1386.000000 4719.000000 1397.000000 4671.000000 1368.000000 
		}
	}
	outgoing={
		name="nippon"
		path={
			732 1377 1376 
		}
		control={
			4805.000000 1332.000000 4833.000000 1296.000000 4845.000000 1259.000000 
		}
	}
	members={
		1850 1049 2107 2108 2111 2106 2186 1058 2102 2104 1053 2103 1034 1035 1036 1037 1038 1039 1040 1041 1042 1043 1044 1046 1047 1052 1783 2438 2439 2440 2446 1055 1056 1057 730 2110 2188 4201 1033 1048 1050 4214 4216 729 731 2105 4215 4217 722 2109 2187 4202 4203 724 725 4218 727 728 2185 4200 4654 4655 4656 4657 4658 4659 4660 4661 4662 4653 4663 4664 4665 4674 4675 4672 2115 
	}
}
lhasa={
	location=677
	inland=yes
	outgoing={
		name="lahore"
		path={
			2129 2128 2074 508 
		}
		control={
			4149.000000 1199.000000 4046.000000 1217.000000 
		}
	}
	outgoing={
		name="chengdu"
		path={
			2132 2167 675 679 
		}
		control={
			4286.000000 1196.000000 4365.000000 1197.000000 4427.310059 1151.910034 
		}
	}
	outgoing={
		name="ganges_delta"
		path={
			562 4479 
		}
		control={
			4201.000000 1131.000000 4206.000000 1106.000000 4187.000000 1090.000000 4205.000000 1073.000000 4203.000000 1058.000000 4210.000000 1047.000000 4207.000000 1038.000000 4221.000000 1026.000000 4234.000000 1003.000000 
		}
	}
	members={
		2129 2128 676 705 706 2134 4204 677 2130 4205 565 4481 4482 557 2070 2071 4483 4485 4514 4515 4516 4517 4518 4519 4520 
	}
}
chengdu={
	location=679
	inland=yes
	outgoing={
		name="canton"
		path={
			680 673 2163 2165 665 667 1371 
		}
		control={
			4506.000000 1143.000000 4513.000000 1093.000000 4498.000000 1039.000000 4528.000000 1030.000000 4568.000000 1025.000000 4580.000000 1023.000000 
		}
	}
	outgoing={
		name="xian"
		path={
			2169 689 700 
		}
		control={
			4474.000000 1173.000000 4519.000000 1194.000000 
		}
	}
	outgoing={
		name="burma"
		path={
			675 2167 2166 583 2400 
		}
		control={
			4416.000000 1100.000000 4374.000000 1058.000000 4303.000000 1027.000000 
		}
	}
	members={
		2132 2167 678 2135 2131 2133 660 661 2165 2166 679 680 4212 2169 2170 4211 675 2168 2748 4213 
	}
}
canton={
	location=1371
	outgoing={
		name="malacca"
		path={
			1394 1367 1362 1361 
		}
		control={
			4611.000000 901.000000 4555.000000 789.000000 4459.000000 737.000000 4475.000000 665.000000 
		}
	}
	outgoing={
		name="hangzhou"
		path={
			1372 1824 684 
		}
		control={
			4640.000000 1012.000000 4686.000000 1065.000000 4720.000000 1127.000000 
		}
	}
	outgoing={
		name="philippines"
		path={
			1394 1397 
		}
		control={
			4644.000000 947.000000 4672.000000 874.000000 4704.000000 866.000000 4711.000000 876.000000 4727.000000 885.000000 
		}
	}
	outgoing={
		name="gulf_of_siam"
		path={
			1370 1369 1366 1364 1365 
		}
		control={
			4587.000000 968.000000 4547.000000 938.000000 4541.000000 874.000000 4511.000000 811.000000 4416.000000 771.000000 
		}
	}
	members={
		2161 1371 610 613 616 664 665 666 667 668 672 738 1016 1840 2154 2155 2156 2157 2158 2159 2160 2162 2163 2164 2173 2174 2372 671 2373 662 663 673 674 4199 4820 4819 4821 
	}
}
philippines={
	location=1397
	outgoing={
		name="the_moluccas"
		path={
			1399 1357 
		}
		control={
			4744.000000 846.000000 4743.000000 815.000000 4739.000000 798.000000 4692.000000 752.000000 4747.000000 732.000000 4773.000000 665.000000 4730.000000 612.000000 4750.479980 567.989990 
		}
	}
	outgoing={
		name="polynesia_node"
		path={
			1403 1434 1676 1734 
		}
		control={
			4926.000000 734.000000 5152.000000 704.000000 5459.000000 734.000000 0.000000 984.000000 
		}
	}
	members={
		1397 2701 2702 4355 652 653 4354 654 2700 4351 4352 4353 651 655 4356 657 658 2698 4348 656 2697 2699 4349 4350 
	}
	ai_will_propagate_through_trade=yes
}
polynesia_node={
	location=1997
	color={
		220 138 57 
	}
	outgoing={
		name="nippon"
		path={
			1675 1672 1671 1439 1437 
		}
		control={
			10.000000 1113.000000 5518.000000 1163.000000 5298.000000 1212.000000 5079.000000 1151.000000 
		}
	}
	outgoing={
		name="australia"
		path={
			1735 1732 1733 1431 1427 
		}
		control={
			50.000000 559.000000 5388.000000 142.000000 
		}
	}
	members={
		1107 2737 1108 2739 1106 1238 1242 1244 1989 1243 1990 1992 1240 1997 1235 1995 1996 1241 1991 1993 1994 1988 1986 1236 1987 1239 1109 1246 2738 4934 4935 4936 4937 4938 4939 
	}
	ai_will_propagate_through_trade=yes
}
australia={
	location=1411
	outgoing={
		name="the_moluccas"
		path={
			1411 1407 1410 1409 1401 1357 
		}
		control={
			5196.000000 344.000000 5122.000000 453.000000 4963.000000 459.000000 4902.000000 544.000000 4800.000000 542.000000 
		}
	}
	members={
		574 1248 1101 1998 1999 1085 1086 1087 1088 1089 1090 1091 1092 1093 1790 1791 1094 1084 1412 2726 2727 2728 2729 2730 2731 2732 2733 2734 2735 2736 1411 4846 4847 4848 4849 4850 4851 4852 4853 4854 4855 4856 4857 4858 4859 4860 4861 4862 4863 4864 4865 4866 4867 4868 4869 
	}
}
nippon={
	location=1376
	outgoing={
		name="hangzhou"
		path={
			1389 1373 684 
		}
		control={
			4801.000000 1197.000000 4760.000000 1154.000000 
		}
	}
	members={
		1376 1012 1014 1017 1018 1019 1020 1021 1023 1024 1025 1026 1027 1028 1029 1030 1031 1032 1818 1819 1820 1825 1830 1832 1835 1837 1839 1843 1847 1852 4131 4180 4181 4182 4183 4184 4185 4186 4187 4188 4189 4190 4191 4192 4193 1015 4359 4360 4651 1845 2744 4232 732 2742 2743 733 735 4230 4231 734 736 2694 2745 4227 737 1013 2741 4228 4229 
	}
}
hangzhou={
	location=684
	outgoing={
		name="xian"
		path={
			686 687 1836 700 
		}
		control={
			4684.000000 1156.000000 4652.000000 1177.000000 4599.000000 1195.000000 4573.000000 1192.000000 4537.000000 1199.000000 
		}
	}
	outgoing={
		name="beijing"
		path={
			684 1373 1374 1375 
		}
		control={
			4731.000000 1164.000000 4743.000000 1243.000000 4715.000000 1289.000000 4689.000000 1298.000000 
		}
	}
	outgoing={
		name="malacca"
		path={
			1373 1392 1393 1395 1368 1360 1361 
		}
		control={
			4735.000000 1133.000000 4783.000000 1092.000000 4723.000000 1053.000000 4669.000000 934.000000 4651.000000 849.000000 4583.000000 774.000000 4518.000000 688.000000 4471.000000 646.000000 
		}
	}
	members={
		669 670 683 684 685 686 1821 1822 1824 1829 1833 1838 1897 2143 2144 2145 2146 2147 2148 2149 2150 2151 2152 2153 2141 2142 4196 
	}
}
xian={
	location=700
	inland=yes
	outgoing={
		name="beijing"
		path={
			1836 692 2137 2140 691 2138 1375 1816 
		}
		control={
			4532.000000 1227.000000 4550.000000 1235.000000 4592.540039 1233.510010 4622.000000 1257.000000 4638.000000 1267.000000 4660.000000 1280.000000 4671.000000 1300.000000 
		}
	}
	outgoing={
		name="yumen"
		path={
			689 698 706 707 
		}
		control={
			4503.000000 1223.000000 4476.000000 1256.000000 4436.000000 1282.000000 
		}
	}
	members={
		687 1836 2181 2180 698 699 688 692 2183 2175 2176 681 682 2171 2172 4197 689 700 2179 4198 701 709 2191 4223 4676 
	}
}
beijing={
	location=4233
	outgoing={
		name="yumen"
		path={
			695 696 697 701 709 707 
		}
		control={
			4642.000000 1325.000000 4583.000000 1333.000000 4520.000000 1311.000000 4429.000000 1321.000000 
		}
	}
	members={
		690 691 702 2138 2139 2140 2114 2747 703 1816 2136 4194 695 696 2137 4195 704 726 2112 2113 693 694 697 2177 2178 4233 4652 4671 4670 
	}
}
the_moluccas={
	location=1357
	color={
		84 12 93 
	}
	outgoing={
		name="malacca"
		path={
			1358 1360 
		}
		control={
			4669.000000 535.000000 4548.000000 575.000000 4489.000000 622.000000 
		}
	}
	members={
		646 2687 2688 2689 2690 2718 2724 1357 1245 647 645 2717 648 649 650 2725 2696 2695 635 633 634 643 2713 2714 642 2715 641 2716 632 627 2691 631 2693 629 2692 628 626 625 630 624 644 2723 2722 2721 1237 2720 2719 1789 4790 4791 4792 4793 4794 4795 4796 4797 4798 4845 
	}
	ai_will_propagate_through_trade=yes
}
siberia={
	location=1064
	inland=yes
	outgoing={
		name="kazan"
		path={
			1062 1064 480 479 472 475 1082 
		}
		control={
			4084.209961 1695.109985 3879.000000 1758.000000 3732.000000 1640.000000 3702.000000 1655.000000 3654.000000 1634.000000 
		}
	}
	outgoing={
		name="samarkand"
		path={
			480 478 477 1969 457 454 
		}
		control={
			4161.000000 1597.000000 4058.000000 1443.000000 3976.000000 1372.000000 3892.000000 1348.000000 
		}
	}
	members={
		1782 1781 1071 479 1054 1059 1061 1062 1063 1064 1067 1068 1070 480 1069 1073 1074 1080 1078 1075 1076 2357 2369 2427 2428 2429 2430 2431 2432 2433 2434 2436 2437 2442 2443 2445 1072 1780 1045 2435 1051 2441 2354 716 1065 1066 1060 4679 4686 4687 4688 4689 4690 4691 4692 
	}
}
yumen={
	location=707
	inland=yes
	outgoing={
		name="samarkand"
		path={
			713 1786 739 1785 452 1967 454 
		}
		control={
			4257.000000 1318.000000 4131.000000 1298.000000 4047.000000 1300.000000 3994.000000 1290.000000 3932.000000 1308.000000 3893.000000 1304.000000 3863.000000 1312.000000 
		}
	}
	members={
		710 1786 707 708 711 714 719 1784 2118 2119 2123 2189 2190 2194 2182 2184 2122 4206 4207 717 721 2116 4219 4220 720 2193 4221 713 715 2120 4208 718 2117 4222 712 2121 2192 4673 4666 4667 723 4669 4668 4681 4683 4682 4678 4677 4680 4684 4693 
	}
}
burma={
	location=584
	color={
		35 229 76 
	}
	inland=yes
	outgoing={
		name="ganges_delta"
		path={
			4396 1815 
		}
		control={
			4297.000000 951.000000 4306.000000 891.000000 4277.000000 895.000000 4254.000000 947.000000 
		}
	}
	outgoing={
		name="gulf_of_siam"
		path={
			4395 585 586 590 2403 4835 4834 600 4831 1365 
		}
		control={
			4310.000000 953.000000 4335.000000 902.000000 4351.000000 877.000000 4377.000000 878.000000 4383.000000 823.000000 
		}
	}
	members={
		570 573 2041 584 2399 581 2398 580 4393 2397 566 571 2040 2042 4440 4394 4396 585 4395 583 588 2400 4397 4406 587 2401 4398 582 2395 2396 4404 4405 567 2091 4473 1815 4399 586 590 2403 
	}
}
gulf_of_siam={
	location=1365
	color={
		84 152 93 
	}
	outgoing={
		name="malacca"
		path={
			1364 1362 1361 
		}
		control={
			4403.000000 767.000000 4431.000000 709.000000 4446.000000 665.000000 
		}
	}
	members={
		592 600 601 602 603 604 605 606 609 607 608 611 612 614 615 1817 1823 1844 1022 2374 2375 2376 2377 2378 2379 2380 2381 2382 2383 2384 2385 2386 2387 2388 2389 591 2404 2371 1365 589 4822 4823 4824 4825 4826 4827 4828 4829 4830 4831 4832 4833 4834 4835 4836 4837 4838 4839 4840 4841 4842 
	}
}
malacca={
	location=1361
	outgoing={
		name="ganges_delta"
		path={
			1348 1347 1345 1344 1343 
		}
		control={
			4329.000000 740.000000 4311.000000 813.000000 4279.000000 878.000000 4242.000000 943.000000 
		}
	}
	outgoing={
		name="cape_of_good_hope"
		path={
			1352 1624 1623 1647 1630 1626 1459 
		}
		control={
			4470.000000 623.000000 4477.000000 580.000000 4429.000000 542.000000 4281.000000 536.000000 4159.000000 494.000000 3997.000000 488.000000 3821.000000 400.000000 3627.000000 201.000000 3483.000000 72.000000 3234.000000 10.000000 
		}
	}
	members={
		593 594 595 596 597 598 599 617 618 619 620 621 622 623 636 637 638 639 640 659 1361 2390 2391 2392 2393 2394 2673 2674 2675 2676 2677 2678 2679 2680 2681 2682 2683 2684 2685 2686 2703 2704 2705 2706 2707 2708 2709 2710 2711 2712 2740 4799 4800 4801 4802 4803 4804 4805 4806 4809 4810 4811 4812 4813 4814 4815 4816 4817 4818 
	}
	ai_will_propagate_through_trade=yes
}
ganges_delta={
	location=1343
	outgoing={
		name="comorin_cape"
		path={
			1342 1341 1340 
		}
		control={
			4126.000000 928.000000 4037.000000 783.500000 
		}
	}
	outgoing={
		name="doab"
		path={
			1343 564 563 2044 558 2095 556 2063 
		}
		control={
			4184.000000 1014.000000 4186.000000 1026.000000 4182.000000 1038.000000 4187.000000 1046.000000 4178.000000 1059.000000 4162.000000 1064.000000 4151.000000 1062.000000 4130.000000 1065.000000 4106.000000 1059.000000 4076.000000 1067.000000 4056.000000 1086.000000 
		}
	}
	members={
		1343 553 2082 4447 4451 4452 547 2048 4445 4446 4448 561 2081 4476 4477 564 2039 4474 4475 4478 552 2038 2043 2049 4441 560 2096 4450 4470 4471 562 2045 2046 4486 563 2044 4479 568 579 2402 558 4469 4472 4489 2047 4484 4487 4488 
	}
}
doab={
	location=524
	color={
		236 162 19 
	}
	inland=yes
	outgoing={
		name="deccan"
		path={
			525 740 2057 
		}
		control={
			4014.000000 1082.000000 4030.000000 1062.000000 4018.000000 1024.000000 3998.000000 1002.000000 3987.000000 966.000000 
		}
	}
	outgoing={
		name="lahore"
		path={
			522 2062 4411 
		}
		control={
			4021.000000 1115.000000 4009.000000 1144.000000 3981.000000 1151.000000 
		}
	}
	members={
		522 2060 2062 2061 4498 4499 519 520 2064 4500 523 2094 4494 4495 4497 555 2055 2095 4490 524 556 2063 4496 525 528 740 4464 4465 559 2059 4459 4466 4467 2097 2098 4468 4491 4492 554 509 511 2069 4493 
	}
}
lahore={
	location=507
	color={
		63 150 30 
	}
	inland=yes
	outgoing={
		name="samarkand"
		path={
			578 451 450 453 454 
		}
		control={
			3924.000000 1220.000000 3877.000000 1222.000000 3866.000000 1243.000000 3831.000000 1274.000000 
		}
	}
	outgoing={
		name="persia"
		path={
			578 451 450 446 2221 2235 2214 
		}
		control={
			3920.000000 1210.000000 3866.000000 1216.000000 3841.000000 1244.000000 3776.000000 1217.000000 3757.000000 1247.000000 3691.000000 1246.000000 3668.000000 1269.000000 
		}
	}
	outgoing={
		name="gujarat"
		path={
			506 2072 
		}
		control={
			3921.000000 1136.000000 3872.000000 1087.000000 3879.000000 1059.000000 
		}
	}
	members={
		1785 1787 2200 508 2073 2074 4449 4521 507 2075 2076 4510 4513 506 2079 2086 4508 4509 2077 2078 4511 510 2065 4411 4463 576 577 2068 448 451 452 578 2226 447 449 2225 450 2227 2228 
	}
}
deccan={
	location=1948
	color={
		241 13 61 
	}
	inland=yes
	outgoing={
		name="gujarat"
		path={
			4433 517 1337 
		}
		control={
			3964.000000 943.000000 3919.000000 945.000000 
		}
	}
	outgoing={
		name="comorin_cape"
		path={
			541 4422 4414 2026 
		}
		control={
			4009.000000 916.000000 4000.000000 889.000000 4009.000000 873.000000 4019.000000 855.000000 4024.000000 827.000000 4035.000000 814.000000 4006.000000 783.000000 
		}
	}
	members={
		526 2056 2057 2093 4461 550 551 2092 4458 4460 532 2033 4428 2028 4438 4444 542 2037 4436 4439 527 4434 4453 569 1948 2035 4435 546 548 2050 4442 4443 1946 2034 4431 544 545 4432 4433 4437 
	}
}
comorin_cape={
	location=1340
	color={
		13 255 179 
	}
	outgoing={
		name="gulf_of_aden"
		path={
			1615 1451 1331 
		}
		control={
			3866.000000 794.500000 3715.000000 850.000000 
		}
	}
	outgoing={
		name="gujarat"
		path={
			1339 2030 1337 
		}
		control={
			3952.000000 822.000000 3895.000000 915.000000 
		}
	}
	outgoing={
		name="cape_of_good_hope"
		path={
			1619 1621 1636 1626 1459 
		}
		control={
			4004.000000 736.000000 3900.000000 556.000000 3712.000000 299.000000 3414.000000 88.000000 3217.000000 36.000000 
		}
	}
	members={
		1340 2083 4418 4419 4420 539 540 1947 2027 4417 536 2101 4412 2100 4408 4409 572 2099 4407 538 2085 4414 2026 4415 4416 533 2031 4421 4422 4426 541 1949 2090 4423 4424 534 535 537 4410 4413 531 2029 2030 2032 4427 543 549 2084 2080 4425 
	}
}
gujarat={
	location=504
	color={
		135 104 85 
	}
	outgoing={
		name="gulf_of_aden"
		path={
			1336 1333 1332 1331 
		}
		control={
			3809.000000 1011.000000 3760.000000 967.000000 3677.000000 901.000000 
		}
	}
	outgoing={
		name="hormuz"
		path={
			1336 1334 
		}
		control={
			3799.000000 1035.000000 
		}
	}
	outgoing={
		name="zanzibar"
		path={
			1336 1452 1451 1453 1447 
		}
		control={
			3839.000000 977.000000 3819.000000 933.000000 3700.000000 780.000000 3699.000000 669.000000 
		}
	}
	members={
		518 2058 2087 4501 4462 512 4502 4507 2066 513 514 2067 4506 504 2088 4503 4504 505 2072 4505 529 530 2089 4429 515 521 2052 4454 4455 517 2036 4430 503 2053 4456 4480 516 2051 2054 4512 4457 
	}
}
katsina={
	location=1149
	color={
		215 56 56 
	}
	inland=yes
	outgoing={
		name="timbuktu"
		path={
			1148 2273 2269 1133 2262 1132 
		}
		control={
			2899.000000 875.000000 2892.000000 894.000000 2852.000000 890.000000 2806.000000 912.000000 2790.000000 927.000000 
		}
	}
	outgoing={
		name="tunis_node"
		path={
			352 341 
		}
		control={
			2931.000000 880.000000 2998.000000 950.000000 3016.000000 1000.000000 3023.000000 1066.000000 2982.000000 1185.000000 2955.000000 1206.000000 
		}
	}
	outgoing={
		name="ethiopia"
		path={
			2800 2772 
		}
		control={
			3011.000000 843.000000 3129.000000 858.000000 3245.860107 862.010010 3315.000000 898.000000 3333.000000 880.000000 3331.300049 866.299988 3355.000000 858.000000 
		}
	}
	members={
		1144 1146 1162 1145 1152 1153 1150 1154 1155 1156 1157 1158 1160 1161 1249 1149 1148 2273 2272 2274 2275 2276 2277 2278 2279 2280 2281 2282 2283 2284 2285 2286 2287 2288 2293 2475 1159 
	}
}
ethiopia={
	location=2772
	inland=yes
	outgoing={
		name="alexandria"
		path={
			1232 2321 361 358 
		}
		control={
			3331.000000 872.000000 3322.000000 895.000000 3313.000000 902.000000 3317.000000 916.000000 3331.000000 920.000000 3337.000000 941.000000 3325.000000 965.000000 3308.000000 955.000000 3294.000000 941.000000 3285.000000 944.000000 3279.000000 972.000000 3284.000000 978.000000 3279.000000 986.000000 3295.000000 1005.000000 3307.000000 1019.000000 3312.000000 1018.000000 3319.000000 1034.000000 3319.000000 1059.000000 3314.000000 1064.000000 3318.000000 1076.000000 3309.000000 1075.000000 3301.000000 1082.000000 3291.000000 1095.000000 3286.000000 1115.000000 3293.000000 1130.000000 3293.000000 1144.000000 3280.000000 1151.000000 
		}
	}
	outgoing={
		name="gulf_of_aden"
		path={
			1213 1211 1212 4346 
		}
		control={
			3454.000000 793.000000 3486.000000 822.000000 3567.000000 840.000000 
		}
	}
	members={
		2789  2794 2775 1205 2782 2795 2783 2784 2024 1206 2788 2786 2792 2790 1209 2793 1211 2773 1212 1215 2764 2768 2765 2787 1230 1232 2324 774 1217 1218 1222 1228 2756 2757 2758 2759 2760 2761 2762 2763 2772 2791 2778 2785 2797 2766 2767 2769 2770 2771 2779 2780 2781 1224 1213 1223 1214 1216 1221 2800 2801 2802 1229 1225 1226 1227 1220 1207 1208 1210 2798 2799 1219 2776 2932 4033 4158 2777 4051 4052 
	}
}
gulf_of_aden={
	location=4346
	outgoing={
		name="zanzibar"
		path={
			1446 1447 1448 
		}
		control={
			3619.000000 810.000000 3602.000000 764.000000 3521.500000 652.000000 
		}
	}
	outgoing={
		name="alexandria"
		path={
			1330 1329 1328 361 358 
		}
		control={
			3519.000000 841.000000 3465.000000 874.500000 3370.000000 1051.000000 3329.000000 1110.000000 3317.000000 1130.000000 3304.000000 1146.000000 3284.000000 1143.000000 
		}
	}
	outgoing={
		name="hormuz"
		path={
			1332 1333 1334 
		}
		control={
			3663.000000 915.000000 3763.000000 1013.000000 
		}
	}
	members={
		   4276 4993 4994 4995 4996 4997 4998 4999 5000 5001 5002 5003 5004 5005 5006 5007 5008 5009 5010 5011 5012 5013 5014 5015 5016 5017 5018 5019 5020 5021 5022 5023 5024 5025 5026 5027 5028 5029 5030 5031 5032 5033 5034 5035 5036 5037 5038 5039 5040 5041 5042 5043 5044 5045 5046 5047 5048 5050 5049 5051 5052 5053 5054 5055 5056 5057 5058 5059 5060 5061 5062 5063 5064 5065 5066 5067 5068 5069 2333 404 397 403 4287 4286 400 4285 399 398 1334 4272 393 2338 2337 4273 4274 392 4275 2336 2339 2335 395 2347 396 394 2340 4278 2332 4277 2331 385 2329 384 2330 1331 1779 401 2341 2342 402 1099 4284 387 2346 4279 390 2344 4281 388 2345 4280 386 391 4282 389 2343 4283 1328 1329 1330 4333 4346 
	}
}
hormuz={
	location=1334
	outgoing={
		name="basra"
		path={
			2219 1335 
		}
		control={
			3687.000000 1082.000000 3650.000000 1073.000000 
		}
	}
	outgoing={
		name="persia"
		path={
			431 4345 2234 433 2222 2216 4177 4341 
		}
		control={
			3687.000000 1105.000000 3669.000000 1155.000000 3671.000000 1201.000000 3668.000000 1249.000000 3659.000000 1269.000000 
		}
	}
	members={
		 432 2220 2234 4345 434 575 2231 2232 2233 430 2219 2223 4332 2218 4329 4330 4331 431 4327 1332 4347 2999
	}
}
zanzibar={
	location=1448
	color={
		130 17 17 
	}
	outgoing={
		name="cape_of_good_hope"
		path={
			1449 1456 1457 1458 1459 1460 
		}
		control={
			3492.000000 449.000000 3452.000000 374.500000 3388.000000 270.000000 3347.500000 175.000000 3233.000000 73.500000 
		}
	}
	members={
		1448 788 1100 1102 1103 1183 1186 1192 1193 1194 1195 1196 1197 1198 1199 1200 1201 1202 1203 1204 1792 2796 2774 4020 4021 4022 4023 4024 4025 4026 4027 4028 4029 4030 4031 4032 4049 
	}
}
cape_of_good_hope={
	location=1460
	outgoing={
		name="ivory_coast"
		path={
			1461 1462 1463 1464 1465 1466 
		}
		control={
			3032.500000 172.000000 2973.000000 355.000000 2999.000000 503.500000 2933.000000 610.000000 2916.500000 697.500000 
		}
	}
	members={
		1460 789 833 1175 1176 1177 1178 1179 1180 1181 1182 1173 1800 2856 2864 2880 4781 4782 4783 4784 
	}
}
samarkand={
	location=454
	inland=yes
	outgoing={
		name="persia"
		path={
			442 441 438 437 427 426 
		}
		control={
			3820.000000 1295.000000 3781.000000 1294.000000 3744.000000 1293.000000 3696.000000 1301.000000 3672.000000 1286.000000 3649.000000 1263.000000 
		}
	}
	outgoing={
		name="astrakhan"
		path={
			442 440 443 470 465 464 
		}
		control={
			3824.000000 1312.000000 3774.000000 1329.000000 3728.000000 1356.000000 3682.000000 1386.000000 3657.000000 1444.000000 3610.000000 1470.000000 
		}
	}
	members={
		440 441 442 444 445 453 454 455 456 457 459 476 477 1967 1969 1970 1973 461 478 2126 2370 2362 2363 2356 2364 2368 2355 2360 2361 2358 2352 2351 2353 2359 458 2125 460 2350 437 438 439 443 2349 739 2124 2127 4209 4210 1968 4344 4343 4685 
	}
}
persia={
	location=4341
	color={
		204 119 31 
	}
	inland=yes
	outgoing={
		name="astrakhan"
		path={
			1326 421 425 2199 2208 
		}
		control={
			3619.000000 1299.000000 3585.000000 1354.000000 3582.000000 1420.000000 3567.000000 1439.000000 3559.000000 1443.000000 
		}
	}
	outgoing={
		name="basra"
		path={
			426 2215 414 2210 2209 4291 410 
		}
		control={
			3607.000000 1257.000000 3581.000000 1245.000000 3573.000000 1223.000000 3536.000000 1207.000000 
		}
	}
	members={
		435 2224 2229 2230 436 4334 4336 446 4324 4325 2221 2235 2236 4326 417 426 2214 4339 4341 427 428 2213 2216 4337 429 433 2222 4335 4171 419 420 2202 2205 4302 421 424 4299 4305 4340 416 2206 2207 4304 2212 2215 4300 4338 4177 4170 4172 4179 
	}
}
basra={
	location=410
	outgoing={
		name="alexandria"
		path={
			406 2314 405 382 1855 1316 363 362 358 
		}
		control={
			3473.000000 1210.000000 3459.000000 1222.000000 3443.000000 1223.000000 3433.000000 1237.000000 3417.000000 1247.000000 3401.000000 1249.000000 3375.000000 1241.000000 3372.000000 1254.000000 3331.000000 1245.000000 3293.000000 1225.000000 3274.000000 1187.000000 
		}
	}
	outgoing={
		name="anatolia_node"
		path={
			406 2314 407 377 2313 327 2301 4314 326 
		}
		control={
			3501.000000 1199.000000 3499.000000 1213.000000 3489.000000 1225.000000 3482.000000 1240.000000 3478.000000 1257.000000 3467.000000 1268.000000 3458.000000 1281.000000 3435.000000 1284.000000 3405.000000 1297.000000 3386.000000 1319.000000 3366.000000 1309.000000 3351.000000 1301.000000 
		}
	}
	members={
		407 411 2309 2314 4292 1335 412 2217 4289 4290 4342 408 2311 2312 4288 406 409 410 2310 4291 413 414 2209 2210 415 2211 4293 4294 2334 
	}
}
astrakhan={
	location=464
	inland=yes
	outgoing={
		name="kazan"
		path={
			466 303 1081 1082 
		}
		control={
			3555.000000 1455.000000 3543.000000 1463.000000 3532.000000 1476.000000 3527.000000 1479.000000 3525.000000 1486.000000 3502.000000 1490.000000 3500.000000 1498.000000 3511.000000 1518.000000 3515.000000 1534.000000 3519.000000 1535.000000 3520.000000 1548.000000 3522.000000 1554.000000 3534.000000 1557.000000 3543.000000 1560.000000 3551.000000 1562.000000 3555.000000 1574.000000 3564.000000 1578.000000 3563.000000 1582.000000 3572.000000 1587.000000 3570.000000 1599.000000 3562.000000 1605.000000 3562.000000 1614.000000 3575.000000 1625.000000 
		}
	}
	outgoing={
		name="crimea"
		path={
			468 287 1323 
		}
		control={
			3544.000000 1464.000000 3532.000000 1477.000000 3525.000000 1485.000000 3501.000000 1490.000000 3481.000000 1484.000000 3473.000000 1472.000000 3452.000000 1465.000000 3435.000000 1467.000000 3429.000000 1462.000000 3402.000000 1455.000000 3380.000000 1433.000000 3373.000000 1412.000000 3340.000000 1401.000000 
		}
	}
	members={
		288 303 465 467 469 470 474 1971 2365 2367 2366 2409 2418 2419 472 471 464 466 468 2416 2417 302 304 2415 425 2198 2199 2208 4306 
	}
}
crimea={
	location=1322
	color={
		59 158 125 
	}
	outgoing={
		name="smolensk_node"
		path={
			284 282 281 280 
		}
		control={
			3300.000000 1441.000000 3300.000000 1449.000000 3310.000000 1448.000000 3313.000000 1451.000000 3324.000000 1453.000000 3332.000000 1455.000000 3333.000000 1458.000000 3337.000000 1459.000000 3339.000000 1464.000000 3342.000000 1465.000000 3344.000000 1467.000000 3355.000000 1467.000000 3354.000000 1482.000000 3349.000000 1485.000000 3346.000000 1484.000000 3341.000000 1488.000000 3336.000000 1489.000000 3334.000000 1495.000000 3326.000000 1498.000000 3318.000000 1499.000000 3313.000000 1503.000000 3299.000000 1508.000000 3297.000000 1517.000000 3286.000000 1521.000000 3282.000000 1530.000000 3283.000000 1552.000000 3287.000000 1558.000000 3278.000000 1569.000000 3276.000000 1580.000000 3279.000000 1581.000000 3279.000000 1595.000000 3281.000000 1603.000000 3279.000000 1607.000000 3282.000000 1611.000000 3290.000000 1614.000000 3298.000000 1614.000000 3305.000000 1615.000000 3305.000000 1615.000000 
		}
	}
	outgoing={
		name="anatolia_node"
		path={
			1322 1321 1320 
		}
		control={
			3337.000000 1386.000000 3365.000000 1365.000000 3364.000000 1350.000000 3353.000000 1350.000000 3347.000000 1343.000000 3347.000000 1337.000000 3329.000000 1328.000000 3327.000000 1318.000000 
		}
	}
	outgoing={
		name="red_ruthenia"
		path={
			282 1943 281 2961 
		}
		control={
			3297.000000 1455.000000 3263.000000 1493.000000 3240.000000 1495.000000 
		}
	}
	members={
		2196 2204 4303 422 462 1856 423 2203 4301 1323 1322 463 2201 2195 2197 282 1974 2406 286 287 2413 2414 284 285 2410 2447 283 2411 2412 
	}
}
anatolia_node={
	location=4314
	color={
		126 203 120 
	}
	outgoing={
		name="thrace"
		path={
			4312 317 1320 
		}
		control={
			3304.000000 1311.000000 3301.000000 1323.000000 3282.000000 1323.000000 3275.000000 1329.000000 3268.000000 1335.000000 
		}
	}
	outgoing={
		name="alexandria"
		path={
			323 2298 1932 1315 358 
		}
		control={
			3329.000000 1282.000000 3315.000000 1262.000000 3335.000000 1254.000000 3353.000000 1233.000000 3303.000000 1201.000000 3282.000000 1180.000000 
		}
	}
	members={
		4307 323 324 2301 2302 327 321 2303 4310 332 2308 418 2306 2307 4295 4296 330 331 2305 325 328 2299 2304 329 1846 2300 4314 4315 316 317 2296 322 1848 4308 4311 318 319 2297 2298 4309 326 4312 4313 1319 
	}
}
alexandria={
	location=358
	color={
		200 200 102 
	}
	outgoing={
		name="thrace"
		path={
			1315 1932 319 318 2297 2296 1320 
		}
		control={
			3230.000000 1225.000000 3207.000000 1286.000000 3204.000000 1317.000000 3216.000000 1324.000000 3228.000000 1333.000000 3243.000000 1340.000000 
		}
	}
	outgoing={
		name="tunis_node"
		path={
			2325 1314 1313 1305 341 
		}
		control={
			3233.000000 1172.000000 3178.000000 1188.000000 3130.000000 1204.000000 3094.000000 1181.000000 3015.000000 1211.000000 2989.000000 1222.000000 2979.000000 1248.000000 2979.000000 1248.000000 
		}
	}
	outgoing={
		name="napoli_node"
		path={
			2325 1314 1312 1311 4956 1934 2983 121 
		}
		control={
			3230.000000 1185.000000 3180.000000 1204.000000 3132.000000 1220.000000 3104.000000 1230.000000 3070.000000 1253.000000 3049.000000 1288.000000 3044.000000 1301.000000 
		}
	} 
	members={
		5070 5071 5072 5072 5073 5074 5075 5076 5077 5078 5079 5080 5081 5082 5083 5084 5085 5086 5087 5088 5089 5090 5091 5092 5093 5094 5095 5096 5097 5098 5099 5100 5101 5102 5103 5104 5105 5106 5107 5108 5109 5110 5111 5112 5113 5114 5115 377 4992 1849 2313 4298 378 382 1855 4297 405 4270 4271 1234 2322 2323 364 379 1854 383 2328 4268 4269 380 381 2327 365 2315 2320 2321 1233 2318 4323 358 362 363 361 2316 4316 4317 359 2317 4318 360 1231 2319 4319 4320 356 357 2325 2326 4321 4322 
	}
}
smolensk_node={
	location=293
	inland=yes
	outgoing={
		name="novgorod"
		path={
			278 292 275 311 310 
		}
		control={
			3292.000000 1635.000000 3280.000000 1647.000000 3284.000000 1662.000000 3294.000000 1673.000000 3299.000000 1693.000000 3295.000000 1702.000000 3303.000000 1720.000000 3310.000000 1736.000000 3297.000000 1744.000000 
		}
	}
	outgoing={
		name="baltic_sea"
		path={
			771 4242 770 4535 1935 39 1927 
		}
		control={
			3301.000000 1615.000000 3284.000000 1611.000000 3266.000000 1625.000000 3255.000000 1634.000000 3244.000000 1637.000000 3239.000000 1641.000000 3230.000000 1641.000000 3222.000000 1643.000000 3215.000000 1648.000000 3210.000000 1655.000000 3199.000000 1657.000000 3185.000000 1664.000000 3169.000000 1676.000000 3160.000000 1684.000000 3146.000000 1683.000000 3135.000000 1676.000000 3123.000000 1658.000000 3123.000000 1658.000000 
		}
	}
	outgoing={
		name="red_ruthenia"
		path={
			4246 292 4544 1941 279 2962 2961 
		}
		control={
			3287.000000 1613.000000 3279.000000 1586.000000 3273.000000 1570.000000 3259.000000 1560.000000 3241.000000 1559.000000 3230.000000 1562.000000 3222.000000 1544.000000 3226.000000 1535.000000 3237.000000 1531.000000 3237.000000 1516.000000 3219.000000 1512.000000 3219.000000 1512.000000 
		}
	}
	members={
		278 1941 291 298 299 2408 293 297 4244 4245 296 300 4116 280 1942 1944 4247 289 290 1945 2407 292 771 4246 276 4115 4242 4537 4545 4544 4542 4543 
	}
}
red_ruthenia={
	location=2961
	outgoing={
		name="pest"
		path={
			2424 162 4125 153 
		}
		control={
			3188.000000 1507.000000 3174.000000 1514.000000 3159.000000 1512.000000 3142.000000 1487.000000 3122.000000 1482.000000 3122.000000 1482.000000 
		}
	}
	outgoing={
		name="thrace"
		path={
			261 268 4530 4706 159 1764 151 1320 
		}
		control={
			3201.000000 1497.000000 3215.000000 1492.000000 3223.000000 1485.000000 3228.000000 1481.000000 3236.000000 1466.000000 3245.000000 1461.000000 3250.000000 1429.000000 3264.000000 1429.000000 3271.000000 1422.000000 3283.000000 1406.000000 3268.000000 1387.000000 3265.000000 1357.000000 
		}
	}
	outgoing={
		name="krakow"
		path={
			2424 2960 262 
		}
		control={
			3186.000000 1518.000000 3173.000000 1521.000000 3161.000000 1523.000000 3150.000000 1531.000000 3146.000000 1534.000000 3145.000000 1529.000000 3142.000000 1527.000000 3141.000000 1525.000000 3139.000000 1524.000000 3135.000000 1521.000000 3127.000000 1520.000000 3127.000000 1520.000000 
		}
	}
	outgoing={
		name="baltic_sea"
		path={
			1940 260 257 1938 2958 1841 43 1927 
		}
		control={
			3182.000000 1531.000000 3176.000000 1543.000000 3173.000000 1554.000000 3173.000000 1561.000000 3160.000000 1565.000000 3175.000000 1587.000000 3178.000000 1599.000000 3183.000000 1605.000000 3180.000000 1614.000000 3183.000000 1620.000000 3165.000000 1625.000000 3150.000000 1625.000000 3136.000000 1631.000000 
		}
	}
	members={
		2424 1940 2961 4541 261 268 4529 2405 4530 1756 281 4540 1943 4538 279 2962 4539 269 277 1937 
	}
}
kazan={
	location=1082
	inland=yes
	outgoing={
		name="novgorod"
		path={
			306 307 308 312 310 
		}
		control={
			3553.000000 1646.000000 3538.000000 1649.000000 3532.000000 1653.000000 3517.000000 1649.000000 3496.000000 1650.000000 3480.000000 1669.000000 3464.000000 1681.000000 3440.000000 1681.000000 3406.000000 1693.000000 3351.000000 1702.000000 3302.000000 1707.000000 3286.000000 1723.000000 
		}
	}
	members={
		306 1079 1083 1957 2421 4265 4267 475 1965 1966 2420 2444 473 1081 2423 1082 2422 4264 305 1962 1972 4266 
	}
}
timbuktu={
	location=1132
	inland=yes
	outgoing={
		name="safi"
		path={
			1127 346 344 345 
		}
		control={
			2757.000000 962.000000 2743.000000 1052.000000 2735.000000 1105.000000 
		}
	}
	outgoing={
		name="ivory_coast"
		path={
			2263 1135 2252 2255 2257 1466 
		}
		control={
			2764.000000 887.000000 2769.000000 881.000000 2755.000000 822.000000 2755.000000 770.000000 2773.000000 750.000000 
		}
	}
	members={
		1115 2237 2240 1122 1125 2251 1135 1137 2265 2266 1136 2256 2267 2252 2253 2254 2255 1138 2247 1120 1121 1124 1123 1131 1132 1134 1133 1142 2243 2244 2245 2246 2248 2249 2250 2259 2260 2261 2262 2263 2264 2268 2269 2270 1127 1128 1129 1130 2271 1140 1143 2291 2292 2295 
	}
}
ivory_coast={
	location=1466
	outgoing={
		name="bordeaux"
		path={
			1467 1468 1470 1471 1566 1563 
		}
		control={
			2693.000000 675.000000 2498.000000 819.000000 2482.000000 1053.000000 2488.000000 1226.000000 2589.000000 1369.000000 
		}
	}
	outgoing={
		name="low_countries_node"
		path={
			1467 1468 1470 1471 1566 1563 
		}
		control={
			2698.000000 664.000000 2487.000000 781.000000 2447.000000 1068.000000 2433.000000 1258.000000 2599.000000 1456.000000 2758.000000 1507.000000 2845.000000 1549.000000 
		}
	}
	outgoing={
		name="london_node"
		path={
			1141 1140 2295 1143 1142 2268 1133 1130 1794 2463 2462 2461 1294 1750 4549 2990 4557 210 209 1276 1277 1274 1285 
		}
		control={
			2718.000000 649.000000 2620.000000 670.000000 2536.000000 705.000000 2464.000000 766.000000 2401.000000 899.000000 2426.000000 1004.000000 2409.000000 1110.000000 2469.000000 1274.000000 2566.000000 1385.000000 2649.000000 1473.000000 2713.000000 1525.000000 2743.000000 1544.000000 2753.000000 1544.000000 2772.000000 1550.000000 2779.000000 1554.000000 2794.000000 1550.000000 2794.000000 1550.000000 
		}
	}
	outgoing={
		name="sevilla"
		path={
			1467 1468 1470 1471 1566 1563 
		}
		control={
			2702.000000 692.000000 2568.000000 783.000000 2516.000000 940.000000 2548.000000 1064.000000 2617.000000 1127.000000 2641.000000 1223.000000 
		}
	}
	outgoing={
		name="windward_islands_node"
		path={
			1467 1468 1584 1577 1576 1523 
		}
		control={
			2666.000000 710.500000 2546.000000 790.000000 2351.000000 792.000000 2168.000000 924.000000 2002.000000 1051.000000 
		}
	}
	outgoing={
		name="scandes"
		path={
			1141 1140 2292 1143 2278 1148 2276 2275 1794 350 2458 339 1301 1300 1298 101 4728 104 4740 4722 1870 4712 4713 70 71 66 4716 63 4742 57 2964 4786 46 1258 1259 4163 
		}
		control={
			2676.000000 717.000000 2576.000000 795.000000 2540.000000 844.000000 2531.000000 910.000000 2535.000000 1008.000000 2552.000000 1109.000000 2599.000000 1214.000000 2619.000000 1363.000000 2606.000000 1565.000000 2647.000000 1726.000000 2760.000000 1730.000000 2882.000000 1669.000000 2968.000000 1685.000000 
		}
	}
	members={
		1164 1165 1166 1096 1793 2241 1466 1097 1098 1118 1119 1151 1163 2242 1168 1306 4078 4079 4080 1126 1139 1141 2257 2258 1147 2289 2290 2294 1111 1112 1113 1116 2239 1114 1117 2238 1167 1171 1172 1174 
	}
}
windward_islands_node={
	location=1523
	outgoing={
		name="sevilla"
		path={
			1576 1581 1578 1566 1292 1293 
		}
		control={
			2002.000000 1051.000000 2190.000000 1111.000000 2385.000000 1162.000000 2513.000000 1278.000000 2621.500000 1268.500000 
		}
	}
	outgoing={
		name="bordeaux"
		path={
			1576 1581 1578 1566 1291 206 1278 1276 
		}
		control={
			1982.000000 1120.000000 2148.000000 1156.000000 2255.000000 1218.000000 2362.000000 1357.000000 2493.000000 1393.000000 2622.000000 1418.000000 2710.000000 1428.000000 2745.000000 1419.000000 2745.000000 1419.000000 
		}
	}
	outgoing={
		name="low_countries_node"
		path={
			1575 1583 1580 1567 1563 1288 1285 239 237 4370 1860 1270 1269 
		}
		control={
			1933.000000 1162.000000 2049.000000 1244.000000 2197.000000 1334.000000 2358.000000 1408.000000 2507.000000 1441.000000 2641.000000 1499.000000 2708.000000 1506.000000 2796.000000 1516.000000 2838.000000 1542.000000 2864.000000 1559.000000 2864.000000 1559.000000 
		}
	}
	outgoing={
		name="scandes"
		path={
			1575 1583 1580 1567 1563 1288 1285 239 237 4370 1860 1270 1269 1268 1984 1259 4163 
		}
		control={
			1869.010010 1150.479980 2053.979980 1265.459961 2234.000000 1371.000000 2568.000000 1492.000000 2653.000000 1645.000000 2684.000000 1726.000000 2782.000000 1724.000000 2897.000000 1676.000000 2966.000000 1688.000000 
		}
	}
	outgoing={
		name="massachusets_node"
		path={
			1526 1574 1571 1570 1499 
		}
		control={
			1781.000000 1187.000000 1750.000000 1288.000000 1680.000000 1392.000000 1738.000000 1507.000000 
		}
	}
	members={
		484 485 4622 4623 4624 486 2654 2655 2656 488 489 4618 4619 490 2658 2659 4620 4621 482 483 487 481 1518 497 498 499 500 501 493 494 495 496 1881 492 491 502 1523 
	}
}
massachusets_node={
	location=1499
	outgoing={
		name="london_node"
		path={
			1499 1492 1494 1569 1568 1564 1479 1287 4118 1285 
		}
		control={
			1792.000000 1593.000000 1938.000000 1613.000000 2075.000000 1580.000000 2216.000000 1580.000000 2383.000000 1585.000000 2550.000000 1538.000000 2660.000000 1528.000000 2716.000000 1536.000000 2740.000000 1545.000000 2757.000000 1545.000000 2772.000000 1555.000000 2791.000000 1555.000000 2801.000000 1551.000000 2801.000000 1551.000000 
		}
	}
	outgoing={
		name="st_lawrence"
		path={
			970 4925 4873 2012 2583 994 
		}
		control={
			1677.000000 1615.000000 1695.000000 1619.000000 1706.000000 1635.000000 1690.000000 1656.000000 1696.000000 1668.000000 
		}
	}
	members={
		2013 2565 4873 971 2566 2567 966 968 2561 4874 967 2010 2560 965 2558 2639 956 957 962 2023 953 2553 2554 970 2562 2564 1499 
	}
}
st_lawrence={
	location=1490
	outgoing={
		name="bordeaux"
		path={
			1490 981 980 1495 1565 1564 1563 1290 1278 1276 
		}
		control={
			1802.000000 1719.000000 1914.000000 1720.000000 1955.000000 1702.000000 2013.000000 1673.000000 2178.000000 1627.000000 2363.000000 1561.000000 2536.000000 1466.000000 2640.000000 1428.000000 2692.000000 1404.000000 
		}
	}
	outgoing={
		name="scandes"
		path={
			1493 1496 1497 1498 1478 1283 4110 1282 1975 1268 1984 1259 4163 
		}
		control={
			1870.000000 1715.000000 1915.000000 1765.000000 1992.000000 1809.000000 2143.000000 1829.000000 2350.000000 1857.000000 2523.000000 1847.000000 2711.000000 1880.000000 2817.000000 1742.000000 2920.000000 1675.000000 2969.000000 1684.000000 
		}
	}
	outgoing={
		name="london_node"
		path={
			1493 1496 1497 1498 1479 1287 4118 1285 239 237 236 
		}
		control={
			1926.000000 1750.000000 2072.000000 1753.000000 2249.206055 1752.004028 2424.000000 1744.000000 2536.000000 1642.000000 2623.000000 1583.000000 2686.000000 1558.000000 2715.000000 1543.000000 2772.000000 1547.000000 2791.000000 1556.000000 
		}
	}
	members={
		990 2012 2580 4893 996 2576 2577 2578 2579 983 985 2572 2570 2571 4896 982 984 2568 2569 4891 980 981 2573 986 994 995 2582 2583 993 2584 4895 992 2581 4894 4890 4892 4897 997 2574 2575 1104 1105 1490 
	}
}
thrace={
	location=1320
	color={
		149 45 102 
	}
	outgoing={
		name="pest"
		path={
			4779 4705 4703 3000 141 1954 4126 153 
		}
		control={
			3222.000000 1351.000000 3217.000000 1371.000000 3201.000000 1394.000000 3185.000000 1395.000000 3167.000000 1394.000000 3166.000000 1400.000000 3157.000000 1407.000000 3163.000000 1415.000000 3157.000000 1419.000000 3152.000000 1415.000000 3143.000000 1420.000000 3132.000000 1417.000000 3123.060059 1425.170044 3107.000000 1428.000000 3101.000000 1442.000000 3102.000000 1461.000000 3102.000000 1470.000000 3102.000000 1470.000000 
		}
	}
	outgoing={
		name="napoli_node"
		path={
			1319 1312 1307 1305 341 
		}
		control={
			3226.000000 1332.000000 3216.000000 1325.000000 3194.000000 1314.000000 3191.000000 1295.000000 3189.000000 1277.000000 3174.000000 1257.000000 3143.000000 1242.000000 3076.000000 1260.000000 3049.000000 1288.000000 
		}
	}
	members={
		151 4779 149 1764 4705 2750 150 1765 2746 4703 4704 159 4706 148 4702 1853 4780 3001 143 4750 4175 4174 147 144 142 4699 4698 4701 1773 145 146 163 3003 164 320 2348 4700 160 161 2998 4531 4532 1320 
	}
}
pest={
	location=153
	color={
		172 95 81 
	}
	outgoing={
		name="wien"
		path={
			4240 135 
		}
		control={
			3100.000000 1478.000000 3087.000000 1477.000000 3076.000000 1483.000000 3066.000000 1483.000000 
		}
	}
	outgoing={
		name="krakow"
		path={
			1318 2960 
		}
		control={
			3116.000000 1492.000000 3122.000000 1501.000000 3123.000000 1510.000000 
		}
	}
	outgoing={
		name="venice_node"
		path={
			1864 152 4751 129 1769 4988 4987 1774 112 
		}
		control={
			3082.000000 1454.000000 3063.000000 1433.000000 3046.000000 1418.000000 3037.000000 1413.000000 3034.000000 1413.000000 3030.000000 1407.000000 3020.000000 1411.000000 
		}
	}
	members={
		135 153 1864 4126 4240 155 1953 1954 4125 154 162 1318 1772 4236 157 158 1952 4127 156 1951 4128 152 1767 4173 4756 137 138 139 140 141 1766 1827 1831 3000 3002 4176 131 1828 136 1826 4239 4752 4753 4754 4755 4757 
	}
}
baltic_sea={
	location=1927
	outgoing={
		name="lubeck"
		path={
			1257 47 46 2996 45 
		}
		control={
			3069.000000 1621.000000 3027.000000 1619.000000 2997.000000 1611.000000 
		}
	}
	outgoing={
		name="novgorod"
		path={
			39 1256 36 1842 34 33 
		}
		control={
			3142.000000 1702.000000 3173.000000 1724.000000 3233.000000 1730.000000 3233.000000 1730.000000 
		}
	}
	outgoing={
		name="scandes"
		path={
			1257 4165 26 4163 
		}
		control={
			3037.000000 1647.000000 3021.000000 1669.000000 3021.000000 1669.000000 
		}
	}
	outgoing={
		name="krakow"
		path={
			43 2997 4523 4528 258 262 
		}
		control={
			3105.000000 1621.000000 3101.000000 1608.000000 3100.000000 1596.000000 3098.000000 1588.000000 3091.000000 1583.000000 3094.000000 1575.000000 3104.000000 1569.000000 3124.000000 1564.000000 3131.000000 1564.000000 3137.000000 1557.000000 3141.000000 1549.000000 3146.000000 1546.000000 3148.000000 1544.000000 3146.000000 1537.000000 3142.000000 1527.000000 3135.000000 1521.000000 3123.000000 1520.000000 
		}
	}
	members={
		43 2997 1841 40 41 767 42 2958 270 271 4534 1936 4535 272 4536 770 37 4241 273 38 1834 1842 36 39 1935 35 27 28 29 31 4123 4113 19 4152 1927 
	}
}
krakow={
	location=262
	inland=yes
	outgoing={
		name="wien"
		path={
			263 4726 265 1770 
		}
		control={
			3087.000000 1525.000000 3075.000000 1511.000000 3071.000000 1503.000000 3070.000000 1498.000000 3070.000000 1488.000000 3067.000000 1484.000000 3067.000000 1484.000000 
		}
	}
	outgoing={
		name="lubeck"
		path={
			4723 4238 4778 1763 1759 51 4786 2996 45 
		}
		control={
			3107.000000 1534.000000 3098.000000 1538.000000 3098.000000 1540.000000 3100.000000 1544.000000 3099.000000 1547.000000 3097.000000 1550.000000 3097.000000 1559.000000 3084.000000 1560.000000 3081.000000 1558.000000 3072.000000 1560.000000 3071.000000 1569.000000 3061.000000 1572.000000 3046.000000 1571.000000 3038.000000 1572.000000 3028.000000 1575.000000 3027.000000 1581.000000 3032.000000 1587.000000 3033.000000 1593.000000 3026.000000 1596.000000 3027.000000 1605.000000 3015.000000 1616.000000 2987.000000 1611.000000 2987.000000 1611.000000 
		}
	}
	members={
		258 259 260 262 263 264 256 257 1938 1939 254 255 2959 2960 2966 4238 2963 1859 4523 4524 4526 4528 4525 4527 4533 4723 
	}
}
novgorod={
	location=33
	color={
		97 126 37 
	}
	outgoing={
		name="scandes"
		path={
			1254 1926 1255 3 4166 4163 
		}
		control={
			3268.000000 1736.000000 3238.000000 1736.000000 3199.000000 1732.000000 3158.000000 1726.000000 3126.000000 1719.000000 3107.000000 1728.000000 3093.000000 1712.000000 3072.000000 1688.000000 3061.000000 1677.000000 3029.000000 1677.000000 3017.000000 1679.000000 3017.000000 1679.000000 
		}
	}
	members={
		30 32 309 4124 33 34 1961 274 275 1960 4148 310 311 1959 2749 4260 294 1752 4243 4248 4249 301 1778 4255 295 4251 4252 307 4147 4253 308 1753 4117 4250 1754 1956 4254 312 4259 4261 
	}
}
wien={
	location=134
	color={
		220 220 220 
	}
	inland=yes
	outgoing={
		name="rheinland"
		path={
			133 64 1757 67 66 79 1876 
		}
		control={
			3033.000000 1484.000000 3006.000000 1499.000000 2992.000000 1505.000000 2984.000000 1509.000000 2978.000000 1514.000000 2960.000000 1513.000000 2947.000000 1514.000000 
		}
	}
	outgoing={
		name="lubeck"
		path={
			1770 4725 266 1771 4744 62 4741 52 4786 2996 45 
		}
		control={
			3034.000000 1500.000000 3033.000000 1505.000000 3029.000000 1510.000000 3033.000000 1516.000000 3032.000000 1528.000000 3028.000000 1533.000000 3027.000000 1539.000000 3019.000000 1545.000000 3008.000000 1549.000000 3001.000000 1554.000000 2994.000000 1554.000000 2989.000000 1558.000000 2991.000000 1564.000000 2994.000000 1572.000000 2988.000000 1578.000000 2976.000000 1584.000000 
		}
	}
	outgoing={
		name="venice_node"
		path={
			1863 128 1769 4738 1308 114 2978 116 
		}
		control={
			3034.000000 1457.000000 3019.000000 1438.000000 3014.000000 1432.000000 3007.000000 1429.000000 
		}
	}
	members={
		266 2968 2970 4725 4724 267 1771 2967 265 4237 4726 65 2955 4707 4708 64 1757 2956 2957 76 4760 4709 73 110 1768 4710 4758 133 134 1770 4761 4762 128 132 1863 4759 4989 1769 129 4751 
	}
}

napoli_node={
	location=121
	color={
		100 0 100 
	}
	outgoing={
		name="venice_node"
		path={
			4963 120 4731 2977 114 113 4985 4729 1774 112 
		}
		control={
			3028.500000 1348.000000 3026.000000 1351.000000 3024.000000 1355.000000 3024.000000 1357.000000 3027.000000 1361.000000 3036.000000 1380.000000 3020.000000 1400.000000 3007.000000 1415.000000 
		}
	}
	outgoing={
		name="firenze_node"
		path={
			4963 120 4731 4968 116 
		}
		control={
			3026.000000 1337.000000 3004.000000 1344.000000 2998.000000 1355.000000 3000.600098 1358.000000 3002.399902 1362.000000 3003.600098 1364.000000 3001.000000 1368.000000 2998.000000 1372.000000 2997.500000 1375.000000 3000.000000 1376.000000 3000.000000 1380.000000 3001.000000 1381.000000 3001.000000 1383.000000 2998.000000 1387.000000 2988.000000 1390.000000 
		}
	}
	outgoing={
		name="tunis_node"
		path={
			1304 1302 341 
		}
		control={
			3020.500000 1303.000000 2990.000000 1284.000000 
		}
	}
	members={
		4942 4736 125 4943 4737 126 4945 2982 4944 124 4946 4947 4948 123 4955 2984 4957 1934 4956 122 1933 4958 2983 121 4963 4734 4733 4962 120 2985 4959 4960 4961 4732
	}
}

venice_node={
	location=112
	color={
		0 0 100 
	}
	outgoing={
		name="genoa_node"
		path={
			1774 107 108 1862 4728 4974 101 
		}
		control={
			2991.000000 1422.000000 2984.000000 1422.000000 2982.000000 1419.000000 2973.300049 1419.500000 2973.000000 1417.000000 2968.000000 1417.000000 2960.500000 1421.000000 2957.500000 1420.000000 2951.000000 1420.000000 2947.000000 1422.000000 2944.500000 1420.000000 2941.000000 1418.500000 2940.000000 1415.500000 
		}
	}
	outgoing={
		name="firenze_node"
		path={
			1308 114 4968 116 
		}
		control={
			3003.500000 1412.500000 2995.000000 1399.000000 
		}
	}
	members={
		119 2977 114 113 4969 4730 4983 106 4971 107 108 4984 4985 112 4991 4729 1774 4986 4987 4988 111 4738 4990 130 
	}
}

firenze_node={
	location=116
	color={
		100 0 0 
	}
	outgoing={
		name="genoa_node"
		path={
			115 2980 4972 101 
		}
		control={
			2980.000000 1393.000000 2967.000000 1393.000000 2955.000000 1398.000000 
		}
	}
	outgoing={
		name="tunis_node"
		path={
			117 118 1303 1302 341 
		}
		control={
			2988.000000 1390.000000 2998.000000 1387.000000 3001.000000 1383.000000 3001.000000 1381.000000 3000.000000 1380.000000 3000.000000 1376.000000 2997.500000 1375.000000 2998.000000 1372.000000 3001.000000 1368.000000 3003.600098 1364.000000 3002.399902 1362.000000 3000.600098 1358.000000 2998.000000 1355.000000 2984.000000 1328.000000 2977.000000 1288.000000 
		}
	}
	members={
		2986 4735 4950 4949 127 4953 4952 1247 4951 118 4965 4964 4731 2976 4954 4966 4967 115 2980 117 2978 116 4968 4970 
	}
}

tunis_node={
	location=341
	color={
		146 134 57 
	}
	outgoing={
		name="genoa_node"
		path={
			1302 1303 1298 101 
		}
		control={
			2968.000000 1290.000000 2970.000000 1338.000000 2950.000000 1390.500000 
		}
	}
	outgoing={
		name="safi"
		path={
			4566 2454 4169 2458 350 2463 349 346 2466 348 1110 
		}
		control={
			2941.000000 1239.000000 2910.000000 1250.000000 2874.000000 1253.000000 2824.000000 1233.000000 2781.000000 1192.000000 2762.000000 1176.000000 
		}
	}
	outgoing={
		name="valencia"
		path={
			2455 1882 1301 1295 
		}
		control={
			2960.000000 1276.000000 2930.000000 1278.000000 2870.000000 1285.000000 
		}
	}
	members={
		2474 2448 2449 4567 355 2451 354 2452 2450 352 2472 2456 2457 2473 341 2455 4566 2454 350 351 2458 1882 340 339 353 2453 2954 
	}
}


genoa_node={
	location=101
	color={
		218 215 56 
	}
	outgoing={
		name="champagne"
		path={
			106 105 4728 2979 4161 4720 1867 4764 192 4392 4390 186 
		}
		control={
			2937.000000 1397.000000 2932.000000 1390.000000 2920.000000 1384.000000 2900.000000 1376.000000 2879.000000 1388.000000 2880.000000 1404.000000 2882.000000 1419.000000 2881.000000 1438.000000 2864.000000 1460.000000 2861.000000 1472.000000 2869.000000 1484.000000 
		}
	}
	outgoing={
		name="rheinland"
		path={
			106 109 4739 4160 1873 4710 68 4713 70 77 78 1876 
		}
		control={
			2940.000000 1415.500000 2941.000000 1418.500000 2944.500000 1420.000000 2947.000000 1422.000000 2947.000000 1424.000000 2943.000000 1426.000000 2942.000000 1429.000000 2939.000000 1434.000000 2942.000000 1440.000000 2942.000000 1446.000000 2938.000000 1463.000000 2939.000000 1473.000000 2941.000000 1487.000000 2949.000000 1488.000000 2947.000000 1506.000000 2947.000000 1506.000000 
		}
	}
	outgoing={
		name="valencia"
		path={
			2992 102 4696 1297 1296 1295 
		}
		control={
			2941.000000 1394.000000 2934.000000 1382.000000 2924.000000 1372.000000 2900.000000 1353.500000 2870.000000 1338.500000 
		}
	}
	members={
		101 4972 4973 105 4974 2992 2981 1875 102 109 1862 4739 4728 104 4740 4982 4980 2979 4981 4975 4976 4727 4977 103 4979 4978 
	}
}


safi={
	location=2460
	color={
		191 110 62 
	}
	outgoing={
		name="sevilla"
		path={
			342 1293 
		}
		control={
			2755.000000 1189.000000 2733.000000 1214.000000 2713.000000 1224.000000 
		}
	}
	members={
		344 346 348 2460 2464 2466 2467 2468 343 349 2459 2462 2463 336 337 338 2461 2465 4562 4568 
	}
}
scandes={
	location=4163
	color={
		8 82 165 
	}
	outgoing={
		name="lubeck"
		path={
			1255 1257 45 
		}
		control={
			2985.000000 1669.000000 2980.000000 1647.000000 2974.000000 1638.000000 2980.000000 1624.000000 2988.000000 1619.000000 2988.179932 1606.180054 
		}
	}
	members={
		1 2 3 4 5 1985 8 9 11 18 25 1930 4114 4166 369 1978 1979 370 371 23 24 2752 4145 17 22 4143 4144 10 20 21 4164 16 4163 7 26 6 1982 4165 
	}
}
lubeck={
	location=45
	color={
		190 70 70 
	}
	outgoing={
		name="low_countries_node"
		path={
			1857 44 1268 1269 
		}
		control={
			2966.000000 1599.000000 2957.000000 1596.000000 2915.000000 1602.000000 2868.000000 1576.000000 
		}
	}
	members={
		4778 60 1763 59 61 62 4744 12 13 14 15 44 45 46 47 48 53 54 55 1775 1857 1874 1858 1981 1983 1984 2994 2995 2996 4141 4142 4149 4749 4745 4746 4771 4772 4786 1931 50 51 4748 1759 2993 2969 49 4747 2964 52 58 4741 4742 
	}
}
bordeaux={
	location=1276
	color={
		36 132 247 
	}
	outgoing={
		name="champagne"
		path={
			1275 172 178 184 185 
		}
		control={
			2775.000000 1431.000000 2768.000000 1458.000000 2789.000000 1466.000000 2797.000000 1465.000000 2808.000000 1462.000000 2814.000000 1464.000000 2823.000000 1465.000000 2833.000000 1473.000000 2844.000000 1474.000000 2855.000000 1484.000000 2863.000000 1488.000000 2865.000000 1496.000000 2865.000000 1496.000000 
		}
	}
	outgoing={
		name="london_node"
		path={
			1275 171 169 4385 1271 4371 236 
		}
		control={
			2749.000000 1449.000000 2736.000000 1469.000000 2725.000000 1492.000000 2738.000000 1507.000000 2757.000000 1519.000000 2782.000000 1523.000000 2784.000000 1533.000000 2790.000000 1543.000000 2800.000000 1549.000000 2800.000000 1549.000000 
		}
	}
	members={
		1276 169 170 171 172 4384 194 198 4112 180 4111 4386 4387 173 174 175 176 177 178 4389 4694 4385 168 167 1879 87 88 89 1743 
	}
}
sevilla={
	location=1293
	color={
		57 160 101 
	}
	outgoing={
		name="valencia"
		path={
			4546 223 222 221 1295 
		}
		control={
			2751.000000 1257.000000 2780.000000 1258.000000 2798.000000 1275.000000 2812.000000 1300.000000 
		}
	}
	members={
		206 231 232 1293 222 223 224 225 226 227 228 229 230 367 1748 1749 1851 4150 4546 4548 4554 4555 4556 4558 368 366 4565 4787 4563 334 1751 4561 335 2470 1110 347 345 2469 4564 342 
	}
}
valencia={
	location=1295
	color={
		87 70 168 
	}
	outgoing={
		name="champagne"
		path={
			213 212 197 2753 198 199 190 191 185 186 
		}
		control={
			2835.000000 1331.000000 2857.000000 1341.000000 2874.000000 1359.000000 2876.000000 1382.000000 2880.000000 1390.000000 2882.000000 1398.000000 2880.000000 1404.000000 2882.000000 1412.000000 2883.000000 1419.000000 2881.000000 1427.000000 2881.000000 1439.000000 2884.000000 1454.000000 2889.000000 1459.000000 2894.000000 1464.000000 2898.000000 1468.000000 2886.000000 1480.000000 2882.000000 1489.000000 2876.000000 1494.000000 2872.000000 1495.000000 2870.000000 1499.000000 2870.000000 1499.000000 
		}
	}
	members={
		1295 197 212 213 2987 2988 220 1750 4549 4550 211 214 2990 4557 333 4559 4560 217 4551 4789 2755 215 208 4553 216 219 2751 4547 221 2754 4552 207 1745 1746 209 2989 210 218 1747 4788 
	}
}
champagne={
	location=186
	color={
		193 26 14 
	}
	outgoing={
		name="low_countries_node"
		path={
			181 1866 92 1744 1269 
		}
		control={
			2862.000000 1510.000000 2858.000000 1532.000000 2865.000000 1540.000000 2871.000000 1550.000000 
		}
	}
	outgoing={
		name="rheinland"
		path={
			4766 188 4767 1761 78 1876 
		}
		control={
			2891.000000 1497.000000 2904.000000 1494.000000 2920.000000 1502.000000 2918.000000 1509.000000 2944.000000 1515.000000 
		}
	}
	members={
		182 183 185 4388 179 184 4776 181 186 4390 187 188 189 191 192 193 1877 4392 203 204 205 4719 4764 4766 4696 202 2991 201 196 200 2753 4391 4695 199 4777 190 4697 195 
	}
}
london_node={
	location=236
	color={
		83 149 105 
	}
	outgoing={
		name="low_countries_node"
		path={
			239 237 4370 1860 1270 1269 
		}
		control={
			2833.000000 1548.000000 2855.000000 1562.000000 2855.000000 1562.000000 
		}
	}
	members={
		245 4367 4368 4785 239 240 4372 243 1861 4376 233 234 4130 4373 4374 235 236 237 4371 238 1860 4370 4118 4377 4378 375 376 4119 373 374 4120 4379 372 4121 4380 241 242 4366 4369 246 247 244 4375 1285 4361 4362 248 249 251 250 252 4110 4363 253 4364 4365 
	}
}
low_countries_node={
	location=1269
	color={
		220 138 57 
	}
	outgoing={
		name="rheinland"
		path={
			99 86 82 81 1876 
		}
		control={
			2874.000000 1558.000000 2892.000000 1559.000000 2902.000000 1556.000000 2908.000000 1551.000000 2915.000000 1535.000000 2921.000000 1526.000000 2925.000000 1524.000000 2930.000000 1518.000000 2936.000000 1517.000000 
		}
	}
	members={
		99 100 4381 4382 91 93 94 1866 96 97 98 4383 90 1865 4769 92 1744 2974 95 4770 1742 1269 
	}
}
rheinland={
	location=1876
	color={
		114 171 184 
	}
	inland=yes
	members={
		  63 4717 2965 57 4773 2971 1758 84 85 2975 83 80 1760 1878 4768 81 1762 1876 4774 78 4718 4715 71 79 77 1761 4767 75 1880 4765 72 74 4714 70 4713 4712 68 1868 4711 1872 166 1869 1870 1873 4722 1867 1871 4720 4721 165 69 86 56 2973 4775 2972 82 4716 4743 66 67 
	}
	end=yes
}
